020 76714010026S 0086   2102
020 76714010026S 0086   1102
020 76714010036S 0086   1102
020 76714010037S 0086   1102
020 76714010037S 0086   1102
020 76714010037S 0086   1102
020 76714010038S 0085   1102
020 76714010038S 0086   1102
020 76714010038S 0086   1102
020 76714010038S 0086   1102
020 76714010038S 0086   2102
020 76714010039S 0086   2102
020 76714010039S 0086   2102
020 76714010040S 0086   2102
020 76714010102S 0086   1102
020 76714010102S 0086   1102
020 76714010102S 0086   2102
020 76714010102S 0086   1102
020 76714010104S 0086   1102
020 76714010104S 0086   1102
020 76714010104S 0086   1102
020 76714010104S 0086   1102
020 76714010104S 0086   1102
020   014010200S 0001   0002
020472414010559S 00014724002
020472414010559S 0085   2102
020472414010600S 0085   1102
020472414010621S 0086   2102
020472414010621S 0086   2102
020472414010622S 0086   2102
020472414010622S 0086   2102
020472414010622S 0086   2102
020472414010622S 0086   2102
020472414010624S 0086   2102
020472414010624S 0086   2102
020472414010624S 0086   2102
020472414010624S 0086   2102
020472414010624S 0086   2102
020472414010624S 0086   2102
020472414010648S 0086   1102
020472414010648S 0086   1102
020472414010648S 0086   1102
020472414010656S 0086   2102
020472414010656S 0086   2102
020472414010656S 0086   2102
020472414010656S 0086   2102
020472414010657S 0086   2102
020472414010657S 0086   2102
020472414010657S 0086   2102
020472414010704R 0056   0102
